37.8384
49.1467
43.3753
33.8704
35.9647
47.3947
51.2923
68.4617
41.4975
83.6765
66.2184
48.5189
50.6714
63.7854
43.0755
63.6316
1.9124
38.2984
64.9909
67.8648
64.3868
55.2078
41.3852
30.0618
35.5347
53.5615
68.4313
45.5251
2.44635
81.3444
48.8836
51.9943
61.4633
58.0445
60.3704
57.4505
56.559
65.484
56.9913
49.8338
63.6891
79.2461
71.8295
63.9791
80.8688
79.596
80.6932
75.9513
76.0335
76.1477
76.0868
76.0391
76.0683
76.0989
76.082
76.0315
76.1216
76.2667
83.7493
76.3102
76.2193
76.1096
69.1597
79.9813
80.8599
76.0069
83.7991
88.1259
80.8498
76.0267
76.0407
76.0612
68.8746
76.0625
64.0131
71.7094
76.0548
76.0483
68.8548
71.81
76.1243
76.0439
75.9845
75.994
76.1494
76.2419
76.2521
94.3646
76.1446
76.1055
83.8422
98.171
94.3136
80.7842
75.8899
76.0216
75.958
75.921
75.9833
76.0713
76.0854
75.9379
75.9992
76.0166
75.8551
75.9355
76.0461
76.1671
76.284
76.051
76.2129
76.1485
75.9714
68.8806
64.1599
71.7539
68.8278
66.0394
62.2492
64.0605
64.0527
64.0697
64.1029
80.7712
79.9271
81.0022
76.1987
76.0318
83.627
88.0089
83.6076
87.9778
80.8093
83.7181
70.4162
79.9087
81.9447
75.9166
76.1402
75.9446
68.7581
71.7321
76.1086
73.8426
62.8962
68.6346
66.6496
74.5949
75.7744
75.7827
68.7778
64.0793
63.9776
61.0625
62.1456
63.9827
63.9772
63.8946
63.9236
64.0537
64.0488
64.1296
79.4688
80.471
75.5219
78.7984
76.1501
77.7779
75.929
76.0664
76.143
79.0052
68.1225
66.7817
64.0848
66.6795
63.9338
63.9964
64.0413
68.4877
66.7691
91.7252
71.6491
68.7652
71.7286
76.1255
75.3208
72.5405
69.0845
82.1046
76.5917
77.851
69.1043
62.1107
60.8807
61.1555
66.5768
63.7581
62.1681
76.9635
