37.8384
45.7235
54.8495
71.2167
44.474
36.5911
68.9972
61.2414
41.4975
29.0054
91.3081
80.2087
51.9461
33.8074
47.1675
63.6316
36.8849
55.6785
71.2278
44.1264
46.879
67.248
41.3852
83.9471
67.6136
46.9524
28.4202
53.8798
55.8996
81.3444
48.7188
72.948
64.3509
57.527
68.4911
67.0475
79.7914
65.484
88.0856
80.8017
75.9774
76.0381
76.1051
76.0959
80.8688
76.0935
76.0983
76.0505
76.08
76.1648
76.2621
76.0391
76.2458
76.1207
76.2159
71.577
81.2946
80.9551
83.7493
83.8683
88.1712
80.727
76.0056
76.01
68.7671
76.0069
63.9339
63.9403
64.0193
71.645
68.7743
71.7416
76.0254
76.0625
76.0136
76.017
76.0781
76.2178
76.3251
76.2288
76.1243
76.105
76.0553
76.1033
83.7707
88.079
80.8029
94.3646
76.0724
75.9939
75.8549
75.7973
76.0029
76.0506
75.8899
75.8721
75.7806
75.9478
76.0991
76.1073
76.1877
75.9379
76.2579
76.2066
76.3226
75.971
76.0024
75.8172
68.7642
76.051
71.8306
76.0854
75.9736
68.8145
64.0794
79.8195
68.8278
72.0215
60.2755
70.3883
83.5631
87.9109
80.7608
80.7712
75.9557
76.0263
76.1439
76.178
76.0286
75.9672
83.6076
76.0454
76.0012
75.9798
76.1318
76.1395
73.7029
74.5595
76.1402
73.531
63.041
69.3206
68.7478
71.8629
68.9334
68.6346
66.7433
65.6881
63.9639
63.9385
63.9661
64.0116
63.9776
64.0567
64.2402
72.0329
68.9563
69.1779
67.8233
64.0537
71.9507
75.9834
76.1382
76.1439
83.7518
77.9071
76.1501
63.8692
62.1106
71.6219
68.7557
63.9941
71.5288
75.7822
64.0848
68.7615
64.1144
79.873
76.3356
62.7612
63.6889
91.7252
70.8382
71.9723
63.701
59.0174
63.4954
61.7716
69.0845
59.0816
62.3966
64.095
60.9553
59.0547
66.7118
61.1555
66.7466
60.958
60.6899
52.1445
