66.9057
50.6514
64.8341
77.2064
75.695
69.4691
79.3133
71.6423
65.1695
54.9772
54.3088
67.3861
68.9899
39.8128
66.556
42.703
49.3758
28.5172
39.0202
61.9787
57.5094
62.0196
64.3439
65.4868
67.9785
66.5753
56.1062
59.6439
81.2466
76.7084
79.0646
66.9423
63.1135
60.3806
74.7764
73.8378
63.8067
67.4957
77.8992
73.9252
67.3558
75.1499
79.5452
68.2874
79.4771
72.2442
63.1806
60.4855
57.4205
61.2699
61.21
74.1125
79.3345
79.4323
72.2463
67.3839
63.1297
65.5717
62.95
72.2064
69.4448
62.1616
53.3952
48.5914
53.4472
64.4697
65.348
65.2054
75.2596
68.2558
60.4286
60.4737
60.4541
72.7711
68.1831
60.4444
60.4337
60.5379
68.3417
68.3461
65.3024
60.5428
72.9506
66.815
72.1176
79.5626
79.5462
70.5277
64.4819
66.5748
63.6234
63.0938
66.535
62.0305
63.4349
60.5496
72.9212
72.2213
67.3616
63.1703
60.5257
60.4839
60.5017
72.8004
74.3425
61.6869
58.4894
60.4999
68.1988
72.8506
75.0282
69.2607
67.4881
60.4045
61.3471
61.3218
62.1239
60.5747
64.9781
63.2915
60.5019
60.4866
60.4972
58.6452
52.1817
59.0505
57.3976
50.1045
60.9058
71.8406
74.9133
72.079
73.183
59.2058
58.025
57.3267
60.1525
61.9629
80.2591
72.4629
70.8356
66.9252
72.7421
70.3657
72.2984
61.9345
60.4726
62.9572
64.2651
54.6566
67.0918
72.2777
60.7048
51.0939
57.3567
64.7622
67.3762
67.4175
60.3976
74.9724
72.1444
63.2471
68.1723
65.3042
72.7284
72.733
79.3188
79.4074
79.3721
68.3393
60.4503
60.5485
60.4584
60.4704
54.5853
57.0198
60.4421
60.3055
66.2206
69.6483
61.4328
68.3957
67.4958
75.1029
74.5044
64.2285
61.3731
61.3726
68.2585
71.4012
65.8454
66.8126
62.2793
58.8288
60.6823
55.1098
58.7854
74.7218
70.1557
68.1644
60.0585
