66.9057
2.55865
51.146
60.8472
53.1358
63.0499
56.2051
71.6423
67.1229
36.711
46.5844
64.4791
42.6581
59.6118
66.556
61.6064
59.5978
58.9315
50.4041
63.1972
28.7559
62.0196
86.4449
90.8692
74.7386
56.9652
63.1897
64.7857
81.2466
75.8409
73.055
66.9338
55.5162
55.6261
64.3323
57.6425
63.8067
67.418
77.8724
73.9395
67.3486
53.0615
75.1062
68.2874
72.8823
79.4596
68.2553
60.4961
75.0033
57.313
61.21
74.1074
79.3392
79.4566
79.4627
75.0789
72.1569
65.5717
64.4222
64.5163
64.731
62.178
60.5117
67.3812
53.4472
64.4753
65.3206
65.1574
63.3322
60.4576
53.2712
60.4186
60.4541
72.7663
68.1814
60.4402
60.4304
60.301
60.5322
68.3461
65.2967
60.5457
72.9444
66.7836
60.4992
72.0885
79.5462
65.6421
58.5876
65.0996
63.6328
63.0998
56.3077
62.0305
72.8105
68.2549
72.9233
72.2505
67.3752
79.2973
63.17
60.4839
60.4432
60.4285
67.2647
61.6791
75.0511
58.4957
68.1988
76.9286
68.2764
64.8647
75.1676
60.9424
65.6643
61.3218
62.1037
60.5571
60.5101
60.5351
62.4997
60.502
60.4972
58.658
52.1384
51.1857
60.2438
60.1832
60.4804
71.8406
79.2447
79.2926
77.5733
59.1532
57.9664
61.865
64.3913
61.9629
79.099
72.3954
60.678
60.6882
64.385
72.798
72.2984
63.4837
60.6147
63.0039
64.313
88.4772
64.6099
72.2777
60.7634
58.9914
57.4154
62.2607
60.3817
67.5504
60.3976
63.179
67.4924
63.3249
68.2161
65.3157
63.0536
72.733
79.316
79.4099
79.3859
79.4687
79.3832
65.1294
68.3273
60.4704
54.5995
57.0213
60.4406
60.3447
76.5285
66.1887
61.4328
63.4395
67.4841
75.1052
74.4955
72.649
64.2138
61.3726
68.2597
71.4217
71.2915
70.1135
60.6386
62.2567
60.6823
60.6279
73.9011
81.3722
81.3424
70.248
50.5846
