66.9057
36.5674
42.1793
48.7152
57.9544
63.0499
56.9245
50.5371
32.8401
43.3553
33.8743
32.7603
42.6581
49.7943
62.542
59.8503
57.1995
56.8574
66.0988
63.1972
44.3977
47.2438
59.7361
53.7194
48.9091
51.3313
59.0348
64.7857
60.3715
51.5277
53.5177
57.5788
67.24
57.6406
64.3323
62.4389
76.6896
70.0235
60.5287
58.6151
75.1301
53.0615
54.9813
59.2842
64.8777
65.6957
66.3285
57.2687
75.0033
79.4243
68.3597
72.868
68.2885
60.4513
60.5041
75.0789
64.9783
65.6643
74.0767
72.1459
75.1441
72.2346
53.4085
67.3812
63.1858
60.6115
73.1334
68.2875
60.3922
60.4324
53.2712
48.4505
56.2411
60.5999
65.11
63.1715
60.4766
60.301
60.3764
60.4186
72.7544
68.1817
60.4312
72.1179
60.4992
60.5526
68.3635
76.9013
68.3568
60.5558
58.9173
60.1191
56.3077
55.5264
61.4084
74.1573
72.276
75.1644
63.1713
79.2973
66.4436
59.3192
72.8881
79.4877
72.2178
58.4597
75.0511
68.2452
60.4938
72.831
72.1473
60.0663
65.6551
60.9424
61.9322
72.9071
68.407
58.8224
67.1524
60.4996
62.4997
61.2373
64.5457
62.1608
60.586
60.5503
60.5278
69.3087
60.4804
60.3842
53.3828
67.3515
69.3167
64.4166
68.9632
61.865
60.3385
72.6892
68.2306
64.8561
65.5802
72.7443
64.385
66.0454
63.1357
60.685
66.2753
81.8001
64.5929
88.4772
82.8693
68.3402
63.1059
62.025
62.9524
57.2325
60.3817
62.4958
56.6934
58.9158
64.3403
61.8068
64.7404
72.7336
63.0536
64.8002
67.3776
70.5049
72.5328
72.409
68.3433
65.1294
72.6325
68.0786
72.749
79.433
77.7646
66.1906
76.5285
67.0286
60.4263
54.5615
56.949
60.4444
64.2224
72.649
68.1701
70.7488
67.0076
72.812
63.6798
64.6737
60.6386
64.2636
67.0844
71.3821
64.1801
59.5224
65.9715
68.1599
51.0297
