66.9057
53.2106
57.2904
51.7624
58.1058
64.7311
71.7179
59.0367
65.1695
55.0752
59.7553
59.7254
61.9218
64.8044
68.0801
42.703
61.8828
75.1392
83.7381
69.9939
52.0476
59.3931
64.3439
57.0336
56.2913
53.5337
58.217
81.3707
73.453
76.7084
70.758
66.958
55.5304
55.6443
57.6692
63.8396
75.0725
67.4957
74.6101
69.0054
67.3543
75.1105
68.3262
72.905
79.4771
79.4598
68.2498
60.4279
57.2681
61.2364
74.135
74.1125
79.3348
79.4371
72.2541
67.3844
65.5815
64.4369
62.95
64.5279
72.1957
67.0153
60.5795
60.4246
68.1248
64.4697
69.525
67.7166
63.3227
60.4548
60.3936
60.4447
72.77
72.7711
68.1937
60.4944
60.4953
72.8741
75.3086
65.293
65.3024
60.5516
72.9613
66.808
72.1129
79.561
74.5014
70.5277
64.7168
64.8772
63.5404
63.1184
62.0276
72.8102
63.4349
68.2529
72.9189
72.2367
67.3716
63.156
60.527
60.4839
60.5103
72.8074
74.3584
59.5768
57.1402
68.1595
77.0173
72.8506
75.1654
69.2746
67.4732
60.3837
61.2501
62.0461
62.1239
60.5548
60.5172
60.5294
60.4956
60.507
58.6758
58.6452
52.1156
51.1766
60.2779
74.0165
68.1586
72.6472
74.9133
79.2979
77.5877
59.1649
57.9672
64.3912
62.0161
79.1293
80.2591
72.431
60.6718
60.5985
72.7649
72.3078
63.0988
61.9345
60.3819
63.0065
64.3313
64.6077
72.2679
60.7299
60.7048
51.1096
52.6143
62.2445
67.5518
60.4071
63.1484
74.9724
67.3679
56.3913
29.9338
47.7795
72.7344
79.3571
79.3188
79.4596
79.3745
68.2186
72.7351
68.3195
60.4659
54.5774
54.5853
57.0084
60.4426
60.3233
60.263
57.5923
63.3582
68.3957
67.4371
75.0547
67.6468
59.4349
64.0155
62.3378
68.2585
67.1391
65.8746
62.3611
59.3832
60.7019
56.345
55.1098
71.7986
81.3712
81.3313
64.939
70.2855
