SMITH	1	2442977	1	2376206
JOHNSON	2	1932812	2	1857160
WILLIAMS	3	1625252	3	1534042
BROWN	4	1437026	4	1380145
JONES	5	1425470	5	1362755
GARCIA	6	1166120	8	858289
MILLER	7	1161437	6	1127803
DAVIS	8	1116357	7	1072335
RODRIGUEZ	9	1094924	9	804240
MARTINEZ	10	1060159	11	775072
HERNANDEZ	11	1043281	15	706372
LOPEZ	12	874523	21	621536
GONZALEZ	13	841025	23	597718
WILSON	14	801882	10	783051
ANDERSON	15	784404	12	762394
THOMAS	16	756142	14	710696
TAYLOR	17	751209	13	720370
MOORE	18	724374	16	698671
JACKSON	19	708099	18	666125
MARTIN	20	702625	17	672711
LEE	21	693023	22	605860
PEREZ	22	681645	29	488521
THOMPSON	23	664644	19	644368
WHITE	24	660491	20	639515
HARRIS	25	624252	24	593542
SANCHEZ	26	612752	33	441242
CLARK	27	562679	25	548369
RAMIREZ	28	557423	42	388987
LEWIS	29	531781	26	509930
ROBINSON	30	529821	27	503028
WALKER	31	523129	28	501307
YOUNG	32	484447	31	465948
ALLEN	33	482607	32	463368
KING	34	465422	35	438986
WRIGHT	35	458980	34	440367
SCOTT	36	439530	36	420091
TORRES	37	437813	50	325169
NGUYEN	38	437645	57	310125
HILL	39	434827	41	411770
FLORES	40	433969	55	312615
GREEN	41	430182	37	413477
ADAMS	42	427865	39	413086
NELSON	43	424958	40	412236
BAKER	44	419586	38	413351
HALL	45	407076	30	473568
RIVERA	46	391114	59	299463
CAMPBELL	47	386157	43	371953
MITCHELL	48	384486	44	367433
CARTER	49	376966	46	362548
ROBERTS	50	376774	45	366215
GOMEZ	51	365655	68	263590
PHILLIPS	52	360802	47	351848
EVANS	53	355593	48	342237
TURNER	54	348627	49	335663
DIAZ	55	347636	73	251772
PARKER	56	336221	51	324246
CRUZ	57	334201	82	231065
EDWARDS	58	332423	53	317070
COLLINS	59	329770	52	317848
REYES	60	327904	81	232511
STEWART	61	324957	54	312899
MORRIS	62	318884	56	311754
MORALES	63	311777	90	217642
MURPHY	64	308417	58	300501
COOK	65	302589	60	294795
ROGERS	66	302261	61	294403
GUTIERREZ	67	293218	96	212905
ORTIZ	68	286899	94	214683
MORGAN	69	286280	62	276400
COOPER	70	280791	64	270097
PETERSON	71	278297	63	275041
BAILEY	72	277845	66	265916
REED	73	277030	65	267443
KELLY	74	267394	69	260385
HOWARD	75	264826	70	254779
RAMOS	76	263464	112	193096
KIM	77	262352	109	194067
COX	78	261231	72	253771
WARD	79	260464	71	254121
RICHARDSON	80	259798	74	249533
WATSON	81	252579	76	242432
BROOKS	82	251663	77	240751
CHAVEZ	83	250898	118	185865
WOOD	84	250715	75	247299
JAMES	85	249379	80	233224
BENNETT	86	247599	78	239055
GRAY	87	246116	79	236713
MENDOZA	88	242771	134	168567
RUIZ	89	238234	129	175429
HUGHES	90	236271	83	229390
PRICE	91	235251	84	228756
ALVAREZ	92	233983	132	168817
CASTILLO	93	230420	135	165473
SANDERS	94	230374	88	220902
PATEL	95	229973	172	145066
MYERS	96	229895	85	224824
LONG	97	229374	86	223494
ROSS	98	229368	89	219961
FOSTER	99	227764	87	221040
JIMENEZ	100	227118	147	157475
POWELL	101	224874	91	216553
JENKINS	102	222653	95	213737
PERRY	103	221741	97	212644
RUSSELL	104	221558	93	215432
SULLIVAN	105	220990	92	215640
BELL	106	220599	67	264752
COLEMAN	107	219070	102	208624
BUTLER	108	218847	98	210879
HENDERSON	109	218393	101	210094
BARNES	110	218241	99	210426
GONZALES	111	214758	110	193934
FISHER	112	214703	100	210279
VASQUEZ	113	212781	143	159989
SIMMONS	114	210182	103	201650
ROMERO	115	208614	154	153772
JORDAN	116	208403	105	197212
PATTERSON	117	205423	104	198557
ALEXANDER	118	204621	111	193443
HAMILTON	119	201746	107	194331
GRAHAM	120	201159	108	194074
REYNOLDS	121	200247	106	195598
GRIFFIN	122	198406	114	190636
WALLACE	123	197276	113	190760
MORENO	124	196925	170	146088
WEST	125	195818	115	188464
COLE	126	195289	116	187793
HAYES	127	194246	117	187473
BRYANT	128	192773	120	183761
HERRERA	129	192711	175	140786
GIBSON	130	190667	119	184420
ELLIS	131	188968	121	181934
TRAN	132	188498	188	136095
MEDINA	133	188497	176	139353
AGUILAR	134	186512	213	126399
STEVENS	135	185674	122	181417
MURRAY	136	184910	123	178414
FORD	137	184832	124	178397
CASTRO	138	184134	194	133254
MARSHALL	139	183922	125	177213
OWENS	140	182719	126	176334
HARRISON	141	181091	128	175577
FERNANDEZ	142	180842	178	139302
MCDONALD	143	180497	127	176094
WOODS	144	177425	133	168814
WASHINGTON	145	177386	138	163036
KENNEDY	146	176865	130	171636
WELLS	147	176230	131	170635
VARGAS	148	173835	221	123952
HENRY	149	170964	142	161392
CHEN	150	169580	260	105544
FREEMAN	151	169149	140	162686
WEBB	152	168878	137	163481
TUCKER	153	167446	139	162933
GUZMAN	154	167044	230	118390
BURNS	155	165925	141	162153
CRAWFORD	156	164457	146	158121
OLSON	157	164035	136	163502
SIMPSON	158	163181	145	158241
PORTER	159	163054	148	156848
HUNTER	160	162440	153	154410
GORDON	161	161833	151	154934
MENDEZ	162	161717	242	112736
SILVA	163	161633	214	126164
SHAW	164	160400	150	155172
SNYDER	165	160262	144	159363
MASON	166	160213	149	155484
DIXON	167	159480	156	152015
MUNOZ	168	158483	232	117774
HUNT	169	158421	157	151986
HICKS	170	158320	155	153618
HOLMES	171	156780	161	150166
PALMER	172	156601	158	150407
WAGNER	173	155795	152	154516
BLACK	174	154738	160	150186
ROBERTSON	175	153666	159	150299
BOYD	176	153469	164	149476
ROSE	177	153397	168	146924
STONE	178	153329	162	149802
SALAZAR	179	152703	240	113468
FOX	180	152334	167	147357
WARREN	181	152147	166	147906
MILLS	182	151942	165	147909
MEYER	183	150895	163	149664
RICE	184	149500	169	146440
SCHMIDT	185	147034	171	145565
GARZA	186	147005	220	124130
DANIELS	187	146570	180	138776
FERGUSON	188	146426	173	142256
NICHOLS	189	145584	174	141936
STEPHENS	190	144646	181	138742
SOTO	191	144451	257	106631
WEAVER	192	143837	179	138811
RYAN	193	143452	177	139335
GARDNER	194	142894	182	138660
PAYNE	195	142601	183	138028
GRANT	196	142277	192	134034
DUNN	197	141427	185	136955
KELLEY	198	140693	184	137555
SPENCER	199	139951	189	134443
HAWKINS	200	139751	191	134066
ARNOLD	201	138893	187	136315
PIERCE	202	138629	186	136517
VAZQUEZ	203	138322	328	84926
HANSEN	204	137977	193	133474
PETERS	205	137513	190	134231
SANTOS	206	137232	279	98993
HART	207	137184	196	132466
BRADLEY	208	136720	200	131289
KNIGHT	209	136713	199	131860
ELLIOTT	210	135765	197	132457
CUNNINGHAM	211	135718	198	131896
DUNCAN	212	135187	203	130419
ARMSTRONG	213	135044	204	129982
HUDSON	214	134963	202	130793
CARROLL	215	134317	201	131020
LANE	216	134227	209	128727
RILEY	217	133872	210	127960
ANDREWS	218	133799	206	129320
ALVARADO	219	133501	294	93723
RAY	220	133171	208	128794
DELGADO	221	132985	282	98675
BERRY	222	132812	205	129405
PERKINS	223	131440	212	126951
HOFFMAN	224	131401	195	132645
JOHNSTON	225	131373	207	128935
MATTHEWS	226	131303	217	124839
PENA	227	130776	284	98345
RICHARDS	228	130529	215	125653
CONTRERAS	229	130164	299	92660
WILLIS	230	130152	216	125627
CARPENTER	231	129898	211	127073
LAWRENCE	232	129699	219	124321
SANDOVAL	233	128948	287	96303
GUERRERO	234	128677	291	94152
GEORGE	235	128625	227	119778
CHAPMAN	236	127939	218	124614
RIOS	237	127794	285	96569
ESTRADA	238	127470	298	92831
ORTEGA	239	127256	296	93131
WATKINS	240	127083	222	122447
GREENE	241	126101	228	119604
NUNEZ	242	125350	306	90208
WHEELER	243	125058	223	121684
VALDEZ	244	124995	283	98610
HARPER	245	124461	226	119868
BURKE	246	122877	229	119175
LARSON	247	122587	224	121064
SANTIAGO	248	122212	302	90967
MALDONADO	249	121526	316	88016
MORRISON	250	121130	231	117939
FRANKLIN	251	120621	236	114859
CARLSON	252	120552	225	120124
AUSTIN	253	119706	241	113160
DOMINGUEZ	254	119304	334	83731
CARR	255	119076	239	113892
LAWSON	256	119053	235	115186
JACOBS	257	118614	233	115540
OBRIEN	258	118557	234	115385
LYNCH	259	117708	237	114448
SINGH	260	116749	396	72642
VEGA	261	116673	318	87728
BISHOP	262	116618	238	114034
MONTGOMERY	263	115953	246	112144
OLIVER	264	115900	248	111641
JENSEN	265	115679	244	112332
HARVEY	266	115662	247	112136
WILLIAMSON	267	114959	245	112216
GILBERT	268	114940	243	112406
DEAN	269	114030	250	109230
SIMS	270	113374	254	107244
ESPINOZA	271	112154	360	79322
HOWELL	272	112041	249	109634
LI	273	111786	519	57786
WONG	274	111371	277	99392
REID	275	111360	263	104007
HANSON	276	111144	251	109079
LE	277	110967	368	77453
MCCOY	278	110744	258	106481
GARRETT	279	110697	253	107777
BURTON	280	110529	255	107158
FULLER	281	110116	256	106682
WANG	282	109883	438	67570
WEBER	283	109433	252	107866
WELCH	284	108987	259	105804
ROJAS	285	108421	393	73071
LUCAS	286	107690	275	100417
MARQUEZ	287	107533	357	79951
FIELDS	288	107522	264	103242
PARK	289	106696	343	81890
YANG	290	106033	397	72627
LITTLE	291	105936	266	102718
BANKS	292	105833	278	99294
PADILLA	293	105365	345	81805
DAY	294	105091	271	101676
WALSH	295	105079	265	103216
BOWMAN	296	105007	268	102239
SCHULTZ	297	104888	261	104962
LUNA	298	104518	378	76127
FOWLER	299	104515	267	102620
MEJIA	300	104057	448	66534
DAVIDSON	301	103930	269	102044
ACOSTA	302	103418	377	76477
BREWER	303	103318	274	100465
MAY	304	103306	270	101726
HOLLAND	305	102538	276	99885
JUAREZ	306	101949	429	68785
NEWMAN	307	101931	273	100491
PEARSON	308	101836	281	98728
CURTIS	309	101801	280	98958
CORTEZ	310	101694	367	77492
DOUGLAS	311	101458	286	96425
SCHNEIDER	312	101290	272	100553
JOSEPH	313	100959	356	80030
BARRETT	314	100104	288	95896
NAVARRO	315	99807	388	73970
FIGUEROA	316	98468	398	72533
KELLER	317	98268	290	94300
AVILA	318	97314	421	69843
WADE	319	97040	297	92834
MOLINA	320	96979	417	70211
STANLEY	321	96867	292	93817
HOPKINS	322	96810	289	94603
CAMPOS	323	96111	420	69950
BARNETT	324	95681	300	92287
BATES	325	95622	293	93743
CHAMBERS	326	94988	305	90325
CALDWELL	327	93944	301	91338
BECK	328	93786	295	93161
LAMBERT	329	93678	303	90618
MIRANDA	330	93628	437	67646
BYRD	331	92904	311	88811
CRAIG	332	92507	307	89591
AYALA	333	92463	449	66515
LOWE	334	92260	309	89178
FRAZIER	335	92152	314	88325
POWERS	336	91970	304	90401
NEAL	337	91694	333	83849
LEONARD	338	91475	308	89198
GREGORY	339	91384	312	88810
CARRILLO	340	91129	443	67054
SUTTON	341	90964	319	87373
FLEMING	342	90677	317	87949
RHODES	343	90670	310	88917
SHELTON	344	90517	313	88326
SCHWARTZ	345	90071	330	84699
NORRIS	346	89796	326	85212
JENNINGS	347	89700	321	87038
WATTS	348	89649	324	86228
DURAN	349	89401	434	68046
WALTERS	350	89376	262	104281
COHEN	351	89091	320	87226
MCDANIEL	352	88728	323	86317
MORAN	353	88615	362	78546
PARKS	354	88586	322	86346
STEELE	355	88230	331	84353
VAUGHN	356	88060	327	85037
BECKER	357	87859	315	88114
HOLT	358	87531	329	84710
DELEON	359	87414	460	65598
BARKER	360	87162	325	85221
TERRY	361	87000	336	83437
HALE	362	86618	338	82955
LEON	363	86363	483	62034
HAIL	364	86240	10323	2860
BENSON	365	86081	332	84233
HAYNES	366	85974	341	82037
HORTON	367	85195	335	83523
MILES	368	84942	342	81933
LYONS	369	84516	339	82258
PHAM	370	84320	498	59949
GRAVES	371	84179	340	82179
BUSH	372	84018	346	81524
THORNTON	373	83967	347	81191
WOLFE	374	83928	337	83112
WARNER	375	83781	344	81824
CABRERA	376	83621	524	57171
MCKINNEY	377	83616	353	80616
MANN	378	83510	349	81022
ZIMMERMAN	379	83265	350	80944
DAWSON	380	83182	355	80190
LARA	381	83067	501	59731
FLETCHER	382	83063	352	80932
PAGE	383	82992	354	80493
MCCARTHY	384	82950	348	81035
LOVE	385	82873	363	78323
ROBLES	386	82458	489	61619
CERVANTES	387	82161	520	57685
SOLIS	388	82146	497	60045
ERICKSON	389	82085	351	80936
REEVES	390	81978	358	79817
CHANG	391	81939	424	69756
KLEIN	392	81471	359	79685
SALINAS	393	81156	490	61582
FUENTES	394	81006	530	56441
BALDWIN	395	80742	361	79151
DANIEL	396	80526	380	75135
SIMON	397	80460	383	74839
VELASQUEZ	398	80364	525	57163
HARDY	399	80252	374	76608
HIGGINS	400	79803	365	78107
AGUIRRE	401	79517	508	58918
LIN	402	79508	624	49360
CUMMINGS	403	79316	372	76707
CHANDLER	404	79186	379	76114
SHARP	405	78990	371	76868
BARBER	406	78848	376	76504
BOWEN	407	78822	370	77078
OCHOA	408	78677	523	57210
DENNIS	409	78482	384	74784
ROBBINS	410	78381	364	78141
LIU	411	78370	650	47665
RAMSEY	412	78350	373	76625
FRANCIS	413	78327	406	71723
GRIFFITH	414	78260	369	77429
PAUL	415	78256	401	72248
BLAIR	416	78026	380	75135
OCONNOR	417	77923	385	74756
CARDENAS	418	77652	529	56618
PACHECO	419	77642	512	58534
CROSS	420	77557	382	75134
CALDERON	421	77085	550	54691
QUINN	422	76986	386	74531
MOSS	423	76908	389	73750
SWANSON	424	76897	375	76539
CHAN	425	76664	459	65719
RIVAS	426	76205	553	54588
KHAN	427	76171	665	46713
RODGERS	428	76095	394	73021
SERRANO	429	75996	545	55057
FITZGERALD	430	75356	390	73522
ROSALES	431	75185	595	51336
STEVENSON	432	75169	395	72892
CHRISTENSEN	433	75143	412	71144
MANNING	434	74949	402	72069
GILL	435	74948	430	68699
CURRY	436	74919	410	71344
MCLAUGHLIN	437	74816	392	73128
HARMON	438	74737	399	72414
MCGEE	439	74542	404	71925
GROSS	440	74503	387	74285
DOYLE	441	74458	391	73518
GARNER	442	74324	403	72052
NEWTON	443	74092	400	72328
BURGESS	444	73931	407	71604
REESE	445	73919	405	71754
WALTON	446	73854	414	70997
BLAKE	447	73797	425	69279
TRUJILLO	448	73664	504	59609
ADKINS	449	73599	408	71528
BRADY	450	73145	411	71175
GOODMAN	451	73136	409	71482
ROMAN	452	72918	507	59020
WEBSTER	453	72625	418	70123
GOODWIN	454	72451	415	70333
FISCHER	455	72357	419	70095
HUANG	456	72328	697	44715
POTTER	457	72175	413	71103
DELACRUZ	458	72109	629	49158
MONTOYA	459	71844	526	57075
TODD	460	71759	423	69810
WU	461	71721	683	45815
HINES	462	71717	432	68145
MULLINS	463	71646	416	70286
CASTANEDA	464	71368	600	51089
MALONE	465	71286	426	69257
CANNON	466	71085	436	67923
TATE	467	71058	440	67208
MACK	468	71056	441	67154
SHERMAN	469	70502	422	69840
HUBBARD	470	70362	435	68021
HODGES	471	70223	428	68868
ZHANG	472	70125	963	33202
GUERRA	473	70071	554	54575
WOLF	474	70031	427	68905
VALENCIA	475	70000	616	50026
FRANCO	476	69943	571	53161
SAUNDERS	476	69943	439	67210
ROWE	478	69879	452	66205
GALLAGHER	479	69834	433	68075
FARMER	480	69617	431	68309
HAMMOND	481	69515	442	67063
HAMPTON	482	69472	451	66378
TOWNSEND	483	69360	444	66853
INGRAM	484	69345	446	66665
WISE	485	68649	445	66738
GALLEGOS	486	68373	551	54672
CLARKE	487	68281	476	62546
BARTON	488	68233	447	66622
SCHROEDER	489	67977	450	66412
MAXWELL	490	67961	458	65779
WATERS	491	67929	455	65817
LOGAN	492	67909	465	64576
CAMACHO	493	67893	630	49000
STRICKLAND	494	67769	456	65814
NORMAN	495	67704	461	65269
PERSON	496	67411	1719	19129
COLON	497	67338	539	55512
PARSONS	498	67310	453	66203
FRANK	499	67304	454	65918
HARRINGTON	500	66959	462	65131
GLOVER	501	66858	468	64180
OSBORNE	502	66827	457	65802
BUCHANAN	503	66648	471	63825
CASEY	504	66556	463	64815
FLOYD	505	66454	469	64141
PATTON	506	66293	464	64772
IBARRA	507	66063	662	46895
BALL	508	66059	366	77561
TYLER	509	66056	477	62534
SUAREZ	510	66013	658	47235
BOWERS	511	66003	466	64496
OROZCO	512	65904	690	45289
SALAS	513	65468	643	48282
COBB	514	65125	472	63739
GIBBS	515	65064	478	62514
ANDRADE	516	65037	666	46702
BAUER	517	65004	484	61979
CONNER	518	64572	480	62335
MOODY	519	64429	479	62344
ESCOBAR	520	64403	723	42955
MCGUIRE	521	64327	482	62116
LLOYD	522	64202	493	61154
MUELLER	523	64191	467	64305
HARTMAN	524	64106	470	63827
FRENCH	525	63991	473	63149
KRAMER	526	63936	474	63023
MCBRIDE	527	63899	495	60874
POPE	528	63881	486	61750
LINDSEY	529	63760	492	61199
VELAZQUEZ	530	63736	789	40030
NORTON	531	63722	485	61805
MCCORMICK	532	63649	475	62663
SPARKS	533	63440	481	62234
FLYNN	534	63400	487	61747
YATES	535	63254	491	61400
HOGAN	536	63085	488	61651
MARSH	537	62304	494	60999
MACIAS	538	62227	664	46739
VILLANUEVA	539	61883	703	44570
ZAMORA	540	61729	684	45806
PRATT	541	61671	500	59801
STOKES	542	61639	510	58687
OWEN	543	61630	496	60461
BALLARD	544	61625	503	59660
LANG	545	61529	499	59843
BROCK	546	61369	502	59682
VILLARREAL	547	61355	613	50351
CHARLES	548	61211	589	51518
DRAKE	549	61162	506	59055
BARRERA	550	60998	713	43720
CAIN	551	60948	516	57873
PATRICK	552	60845	513	58257
PINEDA	553	60820	806	38999
BURNETT	554	60791	517	57859
MERCADO	555	60761	674	46437
SANTANA	556	60667	710	43875
SHEPHERD	557	60479	515	57935
BAUTISTA	558	60264	830	37847
ALI	559	60002	876	36079
SHAFFER	560	59943	505	59227
LAMB	561	59913	511	58555
TREVINO	562	59882	612	50454
MCKENZIE	563	59595	544	55084
HESS	564	59486	518	57822
BEIL	565	59463	12347	2308
OLSEN	566	59356	521	57357
COCHRAN	567	59350	514	58233
MORTON	568	59213	509	58788
NASH	569	58714	601	51021
WILKINS	570	58634	532	56068
PETERSEN	571	58480	543	55185
BRIGGS	572	58408	522	57297
SHAH	573	58287	831	37833
ROTH	574	58278	527	57030
NICHOLSON	575	58151	534	55986
HOLLOWAY	576	58040	540	55466
LOZANO	577	57779	734	42567
FLOWERS	578	57549	560	54277
RANGEL	578	57549	750	41868
HOOVER	580	57497	532	56068
ARIAS	581	57477	787	40086
SHORT	581	57477	536	55903
MORA	583	57464	759	41348
VALENZUELA	584	57383	711	43770
BRYAN	585	57143	542	55269
MEYERS	586	57127	528	56744
WEISS	587	57112	531	56153
UNDERWOOD	588	57064	535	55973
BASS	589	57044	559	54296
GREER	590	57043	552	54611
SUMMERS	591	56953	541	55391
HOUSTON	592	56900	563	54026
CARSON	593	56872	537	55821
MORROW	594	56840	538	55664
CLAYTON	595	56638	548	54875
WHITAKER	596	56616	558	54343
DECKER	597	56576	555	54450
YODER	598	56410	707	44245
COLLIER	599	56380	556	54414
ZUNIGA	600	56347	804	39057
CAREY	601	56322	547	54924
WILCOX	602	56286	546	54987
MELENDEZ	603	56230	744	42139
POOLE	604	56226	549	54706
ROBERSON	605	56180	569	53198
LARSEN	606	55960	572	52963
CONLEY	607	55917	562	54194
DAVENPORT	608	55895	561	54206
COPELAND	609	55850	565	53771
MASSEY	610	55595	568	53459
LAM	611	55554	706	44385
HUFF	612	55484	564	53892
ROCHA	613	55251	744	42139
CAMERON	614	55240	578	52439
JEFFERSON	615	55179	594	51361
HOOD	616	55174	566	53737
MONROE	617	55136	567	53475
ANTHONY	618	55114	580	52146
PITTMAN	619	55021	573	52689
HUYNH	620	54996	790	40011
RANDALL	621	54764	574	52495
SINGLETON	622	54621	584	51797
KIRK	623	54394	582	52056
COMBS	624	54257	570	53180
MATHIS	625	54217	585	51796
CHRISTIAN	626	54198	597	51177
SKINNER	627	54046	575	52490
BRADFORD	628	54015	586	51726
RICHARD	629	53893	581	52138
GALVAN	630	53822	788	40046
WALL	631	53794	557	54401
BOONE	632	53792	587	51679
KIRBY	633	53767	577	52473
WILKINSON	634	53739	576	52483
BRIDGES	635	53682	579	52260
BRUCE	636	53419	583	52004
ATKINSON	637	53376	592	51489
VELEZ	638	53265	727	42820
MEZA	639	53230	835	37662
ROY	640	53159	621	49725
VINCENT	641	53095	608	50628
YORK	642	53059	596	51334
HODGE	643	52920	610	50577
VILLA	644	52817	797	39402
ABBOTT	645	52739	588	51620
ALLISON	646	52701	590	51504
TAPIA	647	52651	845	37201
GATES	648	52569	607	50748
CHASE	649	52481	606	50777
SOSA	650	52457	859	36813
SWEENEY	651	52410	591	51500
FARRELL	652	52321	599	51095
WYATT	653	52211	604	50874
DALTON	654	52184	615	50166
HORN	655	52138	593	51380
BARRON	656	52070	678	46196
PHELPS	657	52044	598	51154
YU	658	52035	874	36285
DICKERSON	659	51889	602	51017
HEATH	660	51877	614	50307
FOLEY	661	51865	605	50852
ATKINS	662	51671	619	49754
MATHEWS	663	51592	609	50608
BONILLA	664	51475	908	34824
ACEVEDO	665	51351	824	38232
BENITEZ	666	51288	957	33441
ZAVALA	667	51153	938	34068
HENSLEY	668	51081	618	49858
GLENN	669	51043	627	49241
CISNEROS	670	50920	850	37050
HARRELL	671	50837	638	48471
SHIELDS	672	50832	623	49556
RUBIO	673	50788	866	36531
CHOI	674	50786	872	36390
HUFFMAN	674	50786	620	49737
BOYER	676	50742	622	49601
GARRISON	677	50686	611	50482
ARROYO	678	50614	833	37678
BOND	679	50610	603	50980
KANE	680	50584	636	48527
HANCOCK	681	50558	625	49330
CALLAHAN	682	50524	617	49925
DILLON	683	50465	631	48833
CLINE	684	50258	628	49167
WIGGINS	685	50247	641	48355
GRIMES	686	50245	626	49245
ARELLANO	687	50104	905	34999
MELTON	688	50069	634	48594
ONEILL	689	50028	633	48656
SAVAGE	690	49914	640	48367
HO	691	49817	778	40413
BELTRAN	692	49776	914	34736
PITTS	693	49740	639	48462
PARRISH	694	49733	632	48823
PONCE	695	49549	895	35400
RICH	696	49481	654	47477
BOOTH	697	49402	635	48580
KOCH	698	49395	657	47286
GOLDEN	699	49360	648	47839
WARE	700	49316	667	46682
BRENNAN	701	49238	642	48296
MCDOWELL	702	49217	652	47526
MARKS	703	49177	644	48281
CANTU	704	49126	793	39601
HUMPHREY	705	49056	655	47470
BAXTER	706	49033	647	47857
SAWYER	707	49028	646	47979
CLAY	708	48844	677	46264
TANNER	709	48813	675	46412
HUTCHINSON	710	48781	649	47809
KAUR	711	48753	1501	21825
BERG	712	48746	637	48480
WILEY	713	48720	653	47503
GILMORE	714	48719	661	47050
RUSSO	715	48696	645	48126
VILLEGAS	716	48599	917	34684
HOBBS	717	48522	659	47220
KEITH	718	48487	663	46747
WILKERSON	719	48444	670	46605
AHMED	720	48319	1206	26607
BEARD	721	48207	660	47128
MCCLAIN	722	48165	688	45560
MONTES	723	48142	901	35196
MATA	724	48120	907	34888
ROSARIO	725	48051	865	36539
VANG	726	48036	982	32333
WALTER	727	48024	651	47615
HENSON	728	48013	669	46609
ONEAL	729	47979	680	46161
MOSLEY	730	47963	699	44698
MCCLURE	731	47742	672	46505
BEASLEY	732	47693	679	46179
STEPHENSON	733	47641	668	46662
SNOW	734	47528	687	45689
HUERTA	735	47455	959	33348
PRESTON	736	47367	681	45850
VANCE	737	47324	686	45763
BARRY	738	47274	691	45044
JOHNS	739	47246	656	47289
EATON	740	47184	676	46403
BLACKWELL	741	47175	673	46495
DYER	742	47170	671	46574
PRINCE	743	47168	700	44640
MACDONALD	744	46717	685	45782
SOLOMON	745	46534	726	42839
GUEVARA	746	46454	1039	30844
STAFFORD	747	46394	689	45349
ENGLISH	748	46393	692	45032
HURST	749	46244	702	44587
WOODARD	750	46240	696	44830
CORTES	751	46229	1061	30141
SHANNON	752	46147	693	44902
KEMP	753	46146	698	44701
NOLAN	754	46054	705	44421
MCCULLOUGH	755	45852	708	44123
MERRITT	756	45594	701	44626
MURILLO	757	45558	995	31964
MOON	758	45528	748	42062
SALGADO	759	45469	1012	31627
STRONG	760	45432	718	43430
KLINE	761	45390	694	44900
CORDOVA	762	45305	903	35074
BARAJAS	763	45153	989	32147
ROACH	764	45019	704	44454
ROSAS	765	44938	1030	31050
WINTERS	766	44914	712	43762
JACOBSON	767	44808	695	44874
LESTER	768	44784	709	43919
KNOX	769	44742	724	42937
BULLOCK	770	44740	722	43021
KERR	771	44711	729	42758
LEACH	772	44581	714	43666
MEADOWS	773	44500	725	42884
DAVILA	774	44388	924	34541
ORR	774	44388	714	43666
WHITEHEAD	776	44373	721	43310
PRUITT	777	44365	736	42463
KENT	778	44325	733	42597
CONWAY	779	44320	719	43395
MCKEE	780	44137	717	43555
BARR	781	44130	738	42432
DAVID	782	44040	818	38659
DEJESUS	783	44038	1002	31803
MARIN	784	43904	1003	31786
BERGER	785	43851	716	43556
MCINTYRE	786	43842	742	42335
BLANKENSHIP	787	43830	731	42663
GAINES	788	43821	739	42369
PALACIOS	789	43798	1057	30231
CUEVAS	790	43701	993	32015
BARTLETT	791	43648	735	42512
DURHAM	792	43635	740	42365
DORSEY	793	43631	763	41104
MCCALL	794	43483	761	41231
ODONNELL	795	43460	728	42802
STEIN	796	43389	720	43331
BROWNING	797	43329	732	42642
STOUT	798	43305	730	42669
LOWERY	799	43278	752	41670
SLOAN	800	43261	743	42281
MCLEAN	801	43260	768	40871
HENDRICKS	802	43197	749	41879
CALHOUN	803	43180	757	41452
SEXTON	804	43133	747	42080
CHUNG	805	43110	870	36422
GENTRY	806	43027	741	42357
HULL	807	43018	754	41656
DUARTE	808	42983	997	31896
ELLISON	809	42827	756	41459
NIELSEN	810	42773	765	41007
GILLESPIE	811	42693	758	41393
BUCK	812	42639	737	42441
MIDDLETON	813	42578	771	40708
SELLERS	814	42577	755	41561
LEBLANC	815	42575	767	40923
ESPARZA	816	42559	971	32772
HARDIN	817	42469	753	41664
BRADSHAW	818	42465	769	40794
MCINTOSH	819	42379	777	40453
HOWE	820	42265	775	40555
LIVINGSTON	821	42103	766	40964
FROST	822	42015	774	40582
GLASS	823	41802	770	40724
MORSE	824	41774	762	41112
KNAPP	825	41771	760	41267
HERMAN	826	41750	746	42091
STARK	827	41735	751	41863
BRAVO	828	41700	1165	27576
NOBLE	829	41667	784	40217
SPEARS	830	41665	785	40203
WEEKS	831	41565	764	41053
CORONA	832	41553	1081	29525
FREDERICK	833	41394	791	39909
BUCKLEY	834	41348	772	40706
MCFARLAND	835	41300	782	40244
HEBERT	836	41275	781	40283
ENRIQUEZ	837	41271	1072	29886
HICKMAN	838	41163	783	40224
QUINTERO	839	41158	1070	29952
RANDOLPH	840	41129	792	39742
SCHAEFER	841	41063	773	40663
WALLS	842	41025	801	39166
TREJO	843	41021	1172	27383
HOUSE	844	41000	776	40477
REILLY	845	40884	780	40310
PENNINGTON	846	40854	779	40339
MICHAEL	847	40736	798	39369
CONRAD	848	40707	786	40102
GILES	849	40598	805	39002
BENJAMIN	850	40590	868	36439
CROSBY	851	40563	811	38844
FITZPATRICK	852	40449	794	39501
DONOVAN	853	40410	799	39270
MAYS	854	40408	809	38914
MAHONEY	855	40397	795	39440
VALENTINE	856	40395	834	37669
RAYMOND	857	40275	825	38158
MEDRANO	858	40261	1091	29386
HAHN	859	40250	822	38354
MCMILLAN	860	40237	810	38896
SMALL	861	40212	681	45850
BENTLEY	862	40193	814	38714
FELIX	863	40165	1011	31631
PECK	864	40055	796	39432
LUCERO	865	39986	945	33922
BOYLE	866	39921	802	39141
HANNA	867	39890	887	35599
PACE	868	39879	807	38975
RUSH	869	39802	839	37470
HURLEY	870	39796	808	38971
HARDING	871	39787	823	38340
MCCONNELL	872	39754	800	39203
BERNAL	873	39693	1089	29418
NAVA	874	39670	1212	26463
AYERS	875	39623	812	38836
EVERETT	876	39593	816	38702
VENTURA	877	39580	1196	26769
AVERY	878	39564	840	37440
PUGH	879	39559	817	38691
MAYER	880	39555	803	39111
BENDER	881	39551	821	38464
SHEPARD	882	39430	815	38705
MCMAHON	883	39411	819	38557
LANDRY	884	39391	828	37961
CASE	885	39319	813	38759
SAMPSON	886	39277	844	37234
MOSES	887	39216	858	36814
MAGANA	888	39105	1166	27571
BLACKBURN	889	39097	826	38137
DUNLAP	890	39063	820	38516
GOULD	891	38924	836	37660
DUFFY	892	38835	827	37962
VAUGHAN	893	38830	837	37591
HERRING	894	38733	841	37353
MCKAY	895	38681	853	36948
ESPINOSA	896	38667	1047	30538
RIVERS	897	38662	879	35980
FARLEY	898	38528	849	37116
BERNARD	899	38512	864	36546
ASHLEY	900	38499	852	37021
FRIEDMAN	901	38374	857	36833
POTTS	902	38277	832	37687
TRUONG	903	38267	1157	27808
COSTA	904	38265	900	35227
CORREA	905	38232	1109	28910
BLEVINS	906	38229	856	36841
NIXON	907	38147	877	36037
CLEMENTS	908	38044	843	37237
FRY	909	38029	838	37542
DELAROSA	910	37932	1137	28134
BEST	911	37923	855	36862
BENTON	912	37912	851	37032
LUGO	913	37903	1092	29328
PORTILLO	914	37890	1353	24008
DOUGHERTY	915	37884	829	37903
CRANE	916	37870	848	37123
HALEY	917	37858	869	36433
PHAN	918	37836	1193	26903
VILLALOBOS	919	37754	1188	27107
BLANCHARD	920	37695	860	36764
HORNE	921	37689	873	36288
FINLEY	922	37672	854	36874
QUINTANA	923	37657	1073	29755
LYNN	924	37644	847	37125
ESQUIVEL	925	37578	1220	26301
BEAN	926	37571	846	37145
DODSON	927	37566	842	37298
MULLEN	928	37502	867	36442
XIONG	929	37499	1219	26336
HAYDEN	930	37451	878	36024
CANO	931	37368	1185	27179
LEVY	932	37228	892	35464
HUBER	933	37170	861	36729
RICHMOND	934	37053	882	35715
MOYER	935	37050	871	36421
LIM	936	37021	1170	27433
FRYE	937	36973	862	36716
SHEPPARD	938	36960	889	35554
MCCARTY	939	36944	881	35718
AVALOS	940	36922	1246	25875
BOOKER	941	36840	902	35101
WALLER	942	36805	904	35001
PARRA	943	36765	1203	26654
WOODWARD	944	36764	875	36242
JARAMILLO	945	36755	1144	28024
KRUEGER	946	36743	863	36694
RASMUSSEN	947	36636	893	35453
BRANDT	948	36613	885	35616
PERALTA	949	36585	1305	24713
DONALDSON	950	36558	897	35387
STUART	951	36540	883	35701
FAULKNER	952	36466	896	35389
MAYNARD	953	36460	884	35648
GALINDO	954	36429	1199	26730
COFFEY	955	36423	894	35442
ESTES	956	36318	880	35839
SANFORD	957	36312	888	35565
BURCH	958	36269	891	35521
MADDOX	959	36250	906	34970
VO	960	36236	1296	24956
OCONNELL	961	36194	886	35610
VU	962	36179	1247	25828
ANDERSEN	963	36150	954	33508
SPENCE	964	36129	928	34435
MCPHERSON	965	36125	913	34763
CHURCH	966	36072	890	35539
SCHMITT	967	36043	898	35326
STANTON	968	35997	909	34812
LEAL	969	35958	1133	28248
CHERRY	970	35877	922	34615
COMPTON	971	35830	910	34788
DUDLEY	972	35781	912	34770
SIERRA	973	35770	1227	26181
POLLARD	974	35749	937	34079
ALFARO	975	35725	1346	24108
HESTER	976	35642	919	34675
PROCTOR	977	35636	918	34682
LU	978	35628	1424	22977
HINTON	979	35606	962	33209
NOVAK	980	35461	899	35282
GOOD	981	35446	929	34430
MADDEN	982	35438	926	34472
MCCANN	983	35408	916	34692
TERRELL	983	35408	946	33914
JARVIS	985	35350	939	34050
DICKSON	986	35312	915	34698
REYNA	987	35291	1181	27215
CANTRELL	988	35266	920	34674
MAYO	989	35228	965	33126
BRANCH	990	35225	967	33040
HENDRIX	991	35194	941	34032
ROLLINS	992	35132	949	33797
ROWLAND	993	35121	925	34498
WHITNEY	994	35118	934	34251
DUKE	995	35053	952	33745
ODOM	996	35020	953	33717
DAUGHERTY	997	34987	921	34650
TRAVIS	998	34985	960	33339
TANG	999	34961	1269	25446
ARCHER	1000	34949	958	